vehicle:
  mass_car: 35.0
  mass_driver: 50.0
  inertia_factor: 0.03
  Cd: 0.0162
  frontal_area: 0.4624000000000001
  Crr: 0.0098
  driveline_eff: 0.9
engine:
  burn_power_wheel: 270.0
  bsfc: 400.0
  max_traction_force: 150.0
  off_fuel_rate: 0.0
  restart_fuel_g: 0.01
fuel:
  lhv: 43000000.0
  density: 0.745
env:
  rho: 1.2
  g: 9.81
race:
  n_laps: 11
  total_time_limit: 2100.0
  time_margin: 0.03
limits:
  a_lat_max: 4.0
  v_max: 15.277777777777777
  v_min: 1.6666666666666665
  a_brake: 2.0
solver:
  v_step: 0.06944444444444445
  substeps: 4
  dp_laps: 3
  rollout_laps: 7
  avg_laps: 4
  lam_iters: 16
  allow_brake: true
